3.26170467656 1.75517132678
2.70788924979 2.33116365093
2.94327243464 1.8629083791
2.82152407185 1.82410353542
2.68578981556 1.93937293396
2.91656098949 2.13542196772
3.35599433514 1.4930051097
2.55583150788 1.7495081685
3.10290562933 1.30860693228
3.06621154213 1.59873734006
2.83745757901 1.99523269165
2.6805176204 1.49859309904
2.96392916733 1.52657637229
2.7055948271 1.79864419015
2.80625385771 1.68171407398
2.26081419267 2.1701358016
3.07919718514 2.58665800224
3.32667129514 2.12023645669
2.50203840899 2.16139900847
3.04317683222 1.92201830286
2.89829054102 2.37725340657
3.00450832388 1.67763391653
2.65235320773 2.11145864278
3.04453541072 1.8887971247
2.78562861706 1.54908599219
3.26088894562 2.17161884565
3.12611503055 2.17013287803
2.38550828681 1.34339458289
2.97040107735 1.89658496609
2.78118540093 1.78124981099
3.28019384578 2.19190302548
2.71585324633 1.642487056
2.5637199732 2.01653480747
2.64712023127 1.92726915861
2.79519499716 2.21592319472
2.46269083904 2.05336329777
2.46421086151 1.91776435049
2.93601336437 1.87107639405
2.87704829212 2.1566530461
2.61154036653 1.98666045193
3.06760654749 1.34383650043
2.92655069948 1.89453796147
2.94003862867 1.32136918459
2.80161359361 1.97524164281
3.12055452229 1.35517851612
3.28259646761 1.2563044505
2.99630518524 1.87732371551
2.72321658389 1.83355217856
2.76116052086 1.92223207389
2.92124023574 1.76875551551
6.09183947329 9.0244990383
6.08798189617 8.92079035386
6.4908914556 9.62614045988
6.55977009353 9.24920692147
6.25591432179 9.3810803592
6.21974541846 9.41454992948
6.13581035828 9.73914984398
6.1684883531 10.0797542661
6.62729566061 10.0594599441
6.45052494228 9.38876236173
6.65144509662 9.012934384
5.92174685309 9.23760915571
6.4657831983 9.3003258837
6.86004636109 9.58387813134
5.83717394043 9.45280773357
6.36499798374 10.1059605412
6.48785715042 8.87936620325
6.37360008051 9.5407921513
5.60560067071 8.66433263217
6.23541855261 9.81418165435
5.90365686022 10.5873862312
6.1782731586 9.44982688597
6.8291221731 9.45238961349
6.23413742735 10.2895481785
5.49700579753 8.65153171707
6.39020805403 9.21377500067
6.31077885798 8.78209912186
5.39423787935 9.38840786808
6.50996783304 9.66080168906
6.62167715808 9.33739796353
6.15545911303 9.51642559596
5.73495649327 9.47927841847
5.99059734562 9.11208797097
6.04009617816 8.88945122915
6.83639251093 9.54468587806
6.65412297419 9.91038561239
6.50059053641 9.4616974087
6.45959983006 9.57803196898
6.31418296236 10.304277684
6.41362414206 8.97555002779
6.08511982371 9.71536699059
6.7689745835 9.82674063001
6.15981725391 9.53574500248
6.65528651127 9.82483768523
7.15757766597 9.59610088612
6.53882571532 9.80701331869
6.58390483392 9.23743818287
6.48564023481 9.53029069821
6.45919983621 9.89001401069
6.44031295369 9.35100059559
6.43399513377 7.12131587536
6.45520360907 7.11661390829
6.44573405422 7.13918300744
6.46755071521 7.1985273703
6.53136491126 7.09493424786
6.42596977936 7.20811822212
6.49981231571 7.20661439346
6.34702993528 7.05835831388
6.43725209413 7.23738431394
6.4111098621 7.14724352379
6.51544572565 7.14718686834
6.43644664874 7.19935833709
6.41202632473 7.19574359942
6.49948797312 7.21331157991
6.40523087369 7.35371559095
6.46338178318 7.23035767686
6.4385915931 7.12522355892
6.44204115509 7.20201685632
6.43395936448 7.06467160741
6.42149455191 7.23094820166
6.39323306186 7.1190064268
6.47612550532 7.0595234769
6.43069341645 7.10412768142
6.41900678144 7.07261853764
6.44898419429 7.23495769172
6.46197536595 7.13847001501
6.46872609385 7.18427587121
6.41558906556 7.16915938028
6.45182595205 7.19018111311
6.42138067522 7.15754613752
6.52530926844 7.10280445032
6.49972346246 7.23197656215
6.39706530978 7.18817462393
6.55331650274 7.24106524311
6.42560981611 7.05464132342
6.39213916856 7.17339437424
6.47921967617 7.13281273915
6.44936358398 7.24471229235
6.45858710134 7.11521129399
6.51852016075 7.19833578823
6.56866282627 7.14961406637
6.48395202957 7.16132033573
6.39912061487 7.15601005834
6.54010935589 7.15046652418
6.52174270049 7.13916766428
6.42479961859 7.16395172035
6.38416628853 7.21403406214
6.49843838662 7.1799413378
6.43188148196 7.24726716783
6.44176942603 7.37163259567
